.Random.seed <-
c(403L, 10L, 192886807L, -939433971L, 1002022180L, -1680891638L, 
-2064902027L, -1349733425L, 1416365270L, -2097408896L, -922096957L, 
1671525473L, -1568590640L, -1770707410L, -2121885735L, 309671915L, 
-168251814L, -1986451428L, 610186527L, -1394313867L, -2103032820L, 
-2126608926L, -1688308035L, -538259145L, 888075742L, 269101848L, 
-7167365L, -1577889767L, -183793496L, 1602054742L, -333719855L, 
-1151314301L, -15938286L, 1722472612L, 1664374887L, -916940355L, 
1376482100L, -1840490342L, 1930165989L, -1998350209L, 1310708230L, 
-1788691056L, 921739315L, 273207249L, -458898048L, 2027358302L, 
-1479268439L, -615735717L, 420889194L, -628756724L, 1263733071L, 
-1677184507L, 1394811068L, 1759545746L, 703259277L, 1487524039L, 
-295049810L, -516591608L, 317170699L, -456630039L, 393420728L, 
-599181210L, -2138429183L, -530096237L, 1067987010L, -81135628L, 
1518576119L, -1812634131L, -350312828L, 2146179242L, 1121969685L, 
1666366127L, -885002058L, -113135904L, -2055081437L, 1819155777L, 
224337968L, -1626867122L, 339295929L, -850359605L, 1113017210L, 
1236040316L, -113799489L, 177387413L, -1989202004L, 1032318338L, 
513684317L, 7675479L, 1865530686L, -1659613832L, 49405531L, 1536358841L, 
2119683080L, 1248646838L, -882579983L, -533677021L, -1095773070L, 
-61438268L, 1423581319L, -1710398371L, -706672044L, -518070150L, 
77685701L, -1734339297L, -1288817498L, 2140472880L, 1459379411L, 
1239864049L, 1720541728L, 1467516094L, 433942729L, 971485819L, 
-1447684022L, -760190804L, 1938231215L, -1481286811L, -1354059492L, 
1846688114L, -2136921619L, 74923559L, 1330409038L, -572747096L, 
1609511083L, 1506400713L, -138758696L, 1683080326L, 568994145L, 
1117121779L, -1417456798L, 554884564L, 1987303639L, 1034857165L, 
583432804L, -588992438L, -1590233675L, -40134385L, -466139626L, 
427819200L, -570911101L, -335981919L, -219745136L, -1455186066L, 
-1927808743L, -525330005L, 2026928026L, 258860892L, 761181791L, 
-1965373899L, -1074862644L, -241933022L, 1437388669L, -837098377L, 
-994092642L, 1141788760L, -1806873157L, -1886788775L, 939102440L, 
-1872482026L, 693949073L, 934715203L, 1193212498L, -1986753308L, 
-2016176345L, 356586365L, -2007832972L, 160782426L, -1436213083L, 
698712767L, -884582074L, -237375536L, 1355344371L, -1121352431L, 
813310272L, -591326946L, -2135349783L, 1914939163L, 414994730L, 
-2120562100L, 1731761679L, 825882949L, 1145889532L, 1023383890L, 
2078944973L, -2102851961L, -2039312018L, -620926136L, -413749429L, 
878868137L, -1554560008L, 945877798L, -1249856447L, -1564682797L, 
123819906L, -1640752204L, 1350660919L, 1845563949L, 1019155268L, 
219248746L, 1373020885L, 1861344367L, -974989962L, 646799008L, 
-861840541L, 485339137L, 813357936L, 1055462158L, 1060531577L, 
1023166731L, 1310964282L, -950570692L, 816668287L, -1652374059L, 
210910188L, -2011906750L, -1261452643L, 1813081879L, 807833214L, 
399257144L, 307632411L, -1777025415L, -74351928L, 233155318L, 
-594468047L, -1385663645L, 557664562L, -2122794364L, -1954605369L, 
1644846493L, 1933588756L, -1485120424L, -175509958L, -512182032L, 
-1466235204L, 1390420500L, -471731006L, -900842912L, -163253892L, 
1371057360L, 1772023842L, 1230951592L, -1604406900L, 2008252860L, 
1323650098L, 489041728L, -213169484L, -1854567096L, -2112899398L, 
337820432L, -502085396L, 891792468L, -846757102L, -1925321312L, 
807245772L, 1123478368L, -1941689150L, 1176642088L, 440737196L, 
828023612L, -936857742L, 1712725808L, 102202404L, -947137992L, 
-1117108518L, -897588336L, -859074308L, -1974605420L, -842187966L, 
-1329024512L, -909347780L, -837211568L, 1549587618L, 1901897544L, 
263251468L, 763008732L, -253501358L, -1561751424L, -1462881452L, 
-283356184L, -44294L, -1271984304L, 740036652L, -617508492L, 
1141598866L, 1534841440L, -1877017460L, -378983072L, -1797881630L, 
-195077976L, -71941428L, 1660634620L, -863840334L, -2055720976L, 
-537690684L, -1514272424L, -255349382L, 2120703408L, 2087475644L, 
-909153708L, 1447669186L, 746064672L, -824562756L, 773993552L, 
326064098L, -618554520L, -1264359604L, -419603716L, -1019473166L, 
-1279905536L, 613110900L, 1937865224L, 2007769530L, 1586117072L, 
300930028L, -1635444844L, 658253010L, -568815520L, -394757812L, 
-1585897696L, 198582914L, -958402072L, 573572076L, 1290419772L, 
-1877568910L, 1251563376L, -1424375516L, -1261404616L, -1579602534L, 
1986827728L, -1368067652L, -1858823532L, -123816318L, 238188992L, 
1291722556L, -1176484208L, 204849954L, -1942344184L, 2062886668L, 
-1883512932L, 1806989330L, 1215808384L, -1939849452L, -1282594520L, 
-659015622L, 2036426704L, 1065943660L, 801457204L, 1025240210L, 
-2084031136L, -937877172L, -1414520352L, 977057698L, 1581113256L, 
1873628300L, -1932923972L, 788725874L, 718607344L, 664076356L, 
-1847077800L, 684574778L, -195231632L, -1718252996L, 774343444L, 
-1388388670L, 2113085152L, 763987068L, 686354640L, -2102647902L, 
1254482472L, -997417716L, 542813116L, -364835534L, -1268087616L, 
2145304116L, -1060706616L, -1720381766L, 1600620688L, -212473108L, 
-708844972L, -301767022L, 1599052576L, 1965710284L, 2000827616L, 
-378176830L, -882917336L, -17914964L, -1854893380L, 1819631090L, 
-247419344L, -10172508L, 1671800248L, 946669402L, 740509840L, 
2002051964L, 564419348L, 2147385666L, 408806144L, -1564792900L, 
-1686920368L, -1518473950L, -2073586104L, -271210484L, 933333084L, 
1676923346L, -780881408L, -2086209196L, -170588952L, 977812730L, 
-1415487792L, 1492690220L, -1766242060L, -1393406574L, 1383731552L, 
-2037493748L, 601028320L, 256125538L, 392586920L, 970065484L, 
1151787900L, -1786485454L, -735316368L, -1128232124L, -206732328L, 
142299002L, -1046050256L, 664202172L, -1942531500L, 697959490L, 
526975136L, 133151420L, 810286544L, 2071349090L, -1280685336L, 
618910924L, -2001334788L, 981580274L, -568027520L, -276720140L, 
-1411468664L, -2128765126L, -1951236272L, -410190740L, 1957623188L, 
288310354L, -143779360L, 894659788L, -1715623776L, -1104541310L, 
1125505256L, 12851948L, 1872545084L, -269892494L, -1224110992L, 
-92793820L, 1702776888L, 1754293018L, -75537200L, -1433134882L, 
1614115755L, -560235347L, 1328169242L, 1897264600L, 1702260289L, 
-608819981L, 1956426516L, 1155891874L, -1241662537L, 131815297L, 
317332870L, 408743876L, -1373474059L, 1050847071L, 510290360L, 
-455798634L, 747091619L, 1072470117L, 1414409602L, 833851120L, 
1200169625L, -785627509L, -501782660L, 745810346L, 1881711071L, 
587625L, -1322270850L, 1423574892L, 1703656381L, 1858185351L, 
-1613323152L, -2086101234L, 201614395L, -1414452451L, 244441546L, 
-1656075544L, 589479377L, -1996722237L, 1604303044L, -475084942L, 
-1524499897L, 1680837137L, -1520860266L, 898320116L, 951511173L, 
-1065034289L, 436496584L, -1286602394L, 2099950483L, -348635915L, 
-1278468910L, -1576252640L, -1980644599L, 1896932411L, 384723340L, 
-253034470L, 2061085839L, -1533062183L, 393221230L, 471545852L, 
1678716269L, -1291393257L, 1515869920L, -605084482L, 502493835L, 
727693581L, -477287110L, -1521799816L, -1409865951L, 1298546643L, 
1426138868L, 1877292930L, -2130289129L, -671910687L, 1194791462L, 
-38317276L, 1016429525L, -233596033L, -665641448L, 1816536374L, 
-1625293885L, 1554997765L, -242337374L, -1290961520L, -1281913543L, 
-1827681813L, 1975061212L, -1229787382L, -881466881L, -267212727L, 
-1834597922L, 1432758668L, 1661781341L, 71443815L, 1317926544L, 
-1217128274L, 312498523L, 2118290749L, 174505898L, -580691896L, 
2073964657L, 934436323L, -1537009436L, -2739182L, -86949913L, 
-536156239L, -2064287242L, -337656812L, -1481950427L, 1192123439L, 
608652776L, -1582241082L, 1139176307L, 2137390037L, -819756110L, 
1805292928L, -1811526295L, -1607851557L, 1522698540L, -490984646L, 
-2059418129L, 216227961L, -582235378L, -1322877220L, -287584947L, 
434938039L, -670328256L, -525393122L, -762844693L, -1696111251L, 
1193233370L, 977903000L, 1039090689L, 1775613363L, -1334027052L, 
1834666466L, 242599031L, 1004362177L, 1405510470L, 2012655236L, 
91600949L, -195057633L, -1402122376L, -1692572074L, 881965795L, 
